36,2
36,1
36,0
35,4
35,3
35,2
35,1
35,0
34,9
34,8
34,7
34,6
34,5
34,4
34,3
34,2
34,1
34,0
33,8
33,7
33,6
33,5
33,4
33,3
33,2
33,1
33,0
32,7
32,6
32,5
32,4
32,3
32,2
32,1
32,0
31,12
31,11
31,10
31,9
31,8
31,7
31,6
31,5
31,4
31,3
31,2
31,1
31,0
30,4
30,3
30,2
30,1
30,0
29,3
29,2
29,1
29,0
28,4
28,3
28,2
28,1
28,0
27,3
27,2
27,1
27,0
26,5
26,4
26,3
26,2
26,1
26,0
25,5
25,4
25,3
25,2
25,1
25,0
24,7
24,6
24,5
24,4
24,3
24,2
24,1
24,0
23,7
23,6
23,5
23,4
23,3
23,2
23,1
23,0
22,3
22,2
22,1
22,0
21,3
21,2
21,1
21,0
20,3
20,2
20,1
20,0
19,6
19,5
19,4
19,3
19,2
19,1
19,0
18,5
18,4
18,3
18,2
18,1
18,0
17,10
17,9
17,8
17,7
17,6
17,5
17,4
17,3
17,2
17,1
17,0
16,6
16,5
16,4
16,3
16,2
16,1
16,0
15,3
15,2
15,1
15,0
14,3
14,2
14,1
14,0
13,6
13,5
13,4
13,3
13,2
13,1
13,0
12,4
12,3
12,2
12,1
12,0
11,10
11,9
11,8
11,7
11,6
11,5
11,4
11,3
11,2
11,1
11,0
10,7
10,6
10,5
10,4
10,3
10,2
10,1
10,0
9,16
9,15
9,14
9,13
9,12
9,11
9,10
9,9
9,8
9,7
9,6
9,5
9,4
9,3
9,2
9,1
9,0
8,6
8,5
8,4
8,3
8,2
8,1
8,0
7,3
5,20
5,19
5,18
5,17
5,16
5,15
5,14
5,13
5,12
5,11
5,10
5,9
5,8
5,7
5,6
5,5
5,4
5,3
5,2
5,0
4,3
3,2
2,2
1,2
0,58
0,57
0,53
0,52
0,51
0,9
0,2
36,3
36,4
36,6
36,7
36,9
36,10
37,1
37,3
37,4
37,6
38,0
38,2
38,4
38,5
39,0
39,1
39,3
39,4
39,6
39,8
39,9
40,1
40,2
41,0
41,2
41,3
41,5
41,6
41,8
41,9
42,1
42,3
42,4
43,0
43,1
43,3
44,1
44,2
45,0
45,1
45,3
45,4
45,6
46,1
46,2
46,4
46,5
46,7
46,9
46,10
46,12
46,13
46,15
47,1
47,2
47,4
47,5
48,1
48,2
48,4
49,1
49,2
50,0
50,1
50,3
50,5
50,6
50,8
51,0
51,2
51,3
51,5
52,1
52,2
52,4
52,5
53,0
53,2
53,3
53,5
53,6
53,8
53,9
54,0
54,2
54,3
54,5
54,6
54,8
54,10
54,11
55,1
55,2
56,0
56,2
56,3
57,1
57,2
58,0
58,1
58,3
58,5
58,6
58,8
58,9
59,0
59,2
59,3
59,5
60,0
60,2
60,3
61,0
61,2
61,3
61,5
61,6
61,8
61,10
61,11
62,1
62,2
62,4
62,5
63,1
63,3
63,4
63,6
63,7
63,9
64,1
64,2
64,4
65,0
65,2
65,3
66,0
66,2
66,3
67,0
67,1
67,3
68,1
68,2
68,4
68,5
68,7
68,9
69,0
69,2
69,3
70,1
70,2
70,4
71,1
71,2
71,4
71,5
72,1
72,3
72,4
72,6
72,7
73,1
73,2
74,0
74,2
74,3
75,1
75,2
75,4
76,1
76,2
76,4
76,5
76,7
76,8
76,10
77,0
77,1
77,3
78,0
78,2
78,4
78,5
78,7
79,0
79,2
79,4
79,5
79,7
79,8
79,9
79,6
79,3
79,1
78,6
78,3
78,1
77,2
76,11
76,9
76,6
76,3
76,0
75,3
75,0
74,1
73,3
73,0
72,5
72,2
72,0
71,3
71,0
70,3
70,0
69,1
68,8
68,6
68,3
68,0
67,2
66,4
66,1
65,4
65,1
64,3
64,0
63,8
63,5
63,2
63,0
62,3
62,0
61,9
61,7
61,4
61,1
60,4
60,1
59,4
59,1
58,10
58,7
58,4
58,2
57,3
57,0
56,1
55,3
55,0
54,9
54,7
54,4
54,1
53,10
53,7
53,4
53,1
52,6
52,3
52,0
51,4
51,1
50,7
50,4
50,2
49,3
49,0
48,3
48,0
47,3
47,0
46,14
46,11
46,8
46,6
46,3
46,0
45,5
45,2
44,3
44,0
43,2
42,5
42,2
42,0
41,7
41,4
41,1
40,3
40,0
39,7
39,5
39,2
38,6
38,3
38,1
37,5
37,2
37,0
36,8
36,5
0,55
1,45
3,44
2,44
1,44
3,43
2,43
1,43
3,42
2,42
1,42
3,41
2,41
1,41
3,40
2,40
1,40
3,39
2,39
1,39
3,38
2,38
1,38
3,37
2,37
1,37
3,36
2,36
1,36
3,35
2,35
1,35
3,34
2,34
1,34
3,33
2,33
1,33
3,32
2,32
1,32
3,31
2,31
1,31
3,30
2,30
1,30
3,29
2,29
1,29
3,28
2,28
1,28
3,27
2,27
1,27
3,26
2,26
1,26
3,25
2,25
1,25
3,24
2,24
1,24
3,23
2,23
1,23
3,22
2,22
1,22
3,21
2,21
1,21
3,20
2,20
1,20
3,19
2,19
1,19
3,18
2,18
1,18
3,17
2,17
1,17
3,16
2,16
1,16
3,15
2,15
1,15
3,14
2,14
1,14
3,13
2,13
1,13
3,12
2,12
1,12
3,11
2,11
1,11
3,10
2,10
1,10
3,9
2,9
1,9
3,8
2,8
1,8
3,7
2,7
1,7
3,6
2,6
1,6
3,5
2,5
1,5
3,4
2,4
1,4
3,3
3,0
2,3
2,0
1,3
1,0
0,6
0,0
0,47
0,46
0,49
0,48
0,45
0,56
0,12
0,50
0,10
0,8
0,54
0,11
0,5
0,7
0,4
0,3
